7333
3380
1244
9605
2529
589
7097
5958
1167
6856
7434
2615
867
1535
9493
7086
6537
9338
1375
8222
217
8875
3795
9331
6083
9629
1148
3196
522
3341
7139
6060
9018
8040
5642
1564
4499
7005
1943
5797
784
1228
6236
9722
3637
9040
2282
5307
3796
4806
5699
9693
5174
4461
5111
9164
2815
8436
5978
6311
8901
3737
1689
7547
8707
8865
978
6735
7807
6307
9447
129
7261
955
4723
8540
238
5714
7358
8337
7065
3004
9080
6605
5529
9564
8864
6958
6809
9268
2496
5616
9528
9988
7923
5307
787
2734
2186
5667
6890
8118
9246
6225
3180
6832
7989
6962
4962
5858
8051
936
302
238
8405
5360
1070
7569
7135
6609
4700
5673
8634
2484
7398
2837
7851
8127
5995
751
7315
9916
7601
6028
4117
129
2950
9059
1982
7609
8552
6152
9984
9625
9458
1598
4226
9137
3150
1316
8646
7216
2323
6577
3437
81
851
9556
3398
1288
8291
8296
6782
8379
6368
2419
6268
1588
9798
2839
1577
5009
1260
7033
321
8644
3126
7707
4168
9249
1742
6485
4735
6121
1743
1356
2149
5648
9877
5170
8661
1077
5222
2053
5835
224
7873
8562
8344
4685
406
4488
5107
776
753
7932
5489
7534
841
3975
3766
7185
5534
4472
4812
3115
6991
4471
2154
5930
2138
2810
4977
5616
3432
141
6642
4215
2582
8956
7182
8394
6964
3920
4430
5597
970
4604
3982
335
792
2052
8852
4323
3560
1332
9320
9561
6484
2340
2962
9753
3279
2819
1537
1548
485
5877
5134
2799
6963
6977
1705
9188
5741
8917
3505
6474
3025
8292
1951
1136
2994
6336
192
8440
5148
647
6853
6027
7818
7446
7582
6491
1695
4277
8736
6027
1626
3802
2195
8803
2878
3313
6542
9741
4636
1468
307
1945
3011
2142
8128
6676
5002
1037
7544
7168
4235
5880
3663
9064
6730
8055
8184
3298
5870
1964
3912
1182
2203
5596
2672
5400
4821
594
7040
7727
7797
5753
3023
1758
1855
5203
3806
8631
5087
91
4177
3671
5009
6708
2275
362
9889
6664
6182
1292
7327
6459
6144
3070
9047
6600
5652
4629
5675
5702
9321
2359
5582
7543
5400
1754
2251
6197
1708
838
3962
589
3223
4731
9151
6179
2176
4027
5340
234
9329
518
1482
2830
8440
8007
1126
733
1314
5941
7914
3192
5697
8947
8611
6846
5188
1002
9694
550
6146
2676
1691
1275
7740
2647
7732
5702
4341
8479
8472
666
1494
6071
5975
3374
2713
717
8091
3427
2573
8104
5994
4956
4066
9368
6310
4920
9245
7831
6791
3742
195
302
6029
9774
7051
8482
4506
3090
2499
2680
1652
1722
5997
3201
9171
5765
8661
1576
5050
406
8167
4122
4701
5352
5642
7464
5238
3611
6810
3459
4241
6112
3089
8466
7790
7341
8891
6424
9635
733
4145
7739
9589
7558
7267
5781
6895
918
6869
4515
5295
3887
3768
7686
7749
1607
3363
9223
8030
4042
215
206
4388
5320
5382
6871
1711
2541
4434
6131
4812
9226
8010
2972
8918
4484
9853
4212
1536
4978
8507
9018
4548
9030
1649
2799
2315
2942
1899
9619
8795
6705
1163
7043
5630
2105
4042
9035
5278
2975
7918
709
981
5555
983
6263
7388
6176
2473
5116
6650
1263
5088
2269
6792
4574
8937
4095
4701
4425
2698
9392
2744
1657
4913
1574
7832
5318
9415
1571
2006
6104
3158
3592
2490
6035
1993
7792
2042
1645
1058
7942
2143
1300
3814
644
9127
5161
3978
6584
5490
5966
4545
4259
1792
2310
7075
8052
1343
6747
5980
6693
6603
122
8009
8610
645
9718
469
1904
9592
6278
1823
8223
7425
992
8426
946
5617
983
3720
8675
6075
6682
1146
1594
5269
2923
2884
7510
7295
4222
5364
9702
4100
3839
8444
1147
2830
9841
5534
1838
6064
1103
6272
7499
6107
7753
9587
2303
8525
3235
7684
9429
991
27
677
1273
2461
4005
8274
8414
4074
6280
2269
7165
7155
4918
7930
5281
6910
2941
2254
7092
6217
5870
546
8593
4704
3296
7718
1071
1741
4527
8354
8199
5084
503
3432
9875
7817
9429
6199
6302
1640
4774
872
9927
7550
7096
1031
3830
8185
9960
4859
8118
6798
9455
8894
3005
3649
5447
8978
6998
2161
5865
440
6666
3324
6633
1343
4192
6378
9874
8306
6881
6921
8225
1729
6659
6551
4747
3513
4951
3568
9158
2193
3031
8834
6241
9996
3450
4622
284
7166
4748
3634
8028
1275
3589
4251
2461
6750
7077
4257
2848
5697
1903
1187
9839
7527
3237
6991
5831
5942
4967
5679
1267
2707
5461
7062
385
3482
2805
4839
2694
5595
6427
4160
3672
4501
3709
2109
7186
3273
8139
1044
9909
7484
4514
6607
1187
2328
7386
3546
6045
5804
5919
6170
9038
2160
5459
7194
8247
4359
9301
4499
7690
7503
3799
8616
1004
3487
9737
5563
9531
5659
5435
457
1881
3879
3471
4766
6087
5384
8299
8055
9746
9067
3181
7832
9555
46
2379
7771
2613
6016
6390
1033
9261
2454
8958
2231
1590
152
1933
5413
1677
9060
3877
2160
9542
3227
94
1327
5021
7427
6742
4025
6921
6905
4652
6921
8904
6797
8142
1572
7980
4619
3754
8608
1903
4226
6132
6366
477
7203
8261
599
637
7112
269
5578
8984
3161
764
7433
3249
6172
3174
6951
7349
3403
4448
4028
6231
1976
7864
5705
9899
1509
9617
9011
8401
4382
7242
536
2982
3040
726
7606
4966
8570
6948
5022
6809
2735
916
6733
7845
3159
6189
3350
2628
3970
6540
1764
7608
9062
8126
8401
9198
4901
8585
875
9807
1382
3515
168
9085
8967
9229
7204
1613
8295
2806
6576
8043
4680
4140
9254
1687
9190
2400
9675
6654
8771
5037
9826
7920
1991
3510
5700
8652
3293
7990
414
8751
4936
8905
3984
7426
437
2109
3280
478
7303
9360
770
7878
2168
1006
9977
5574
6751
5222
2915
8751
9616
6998
1628
950
4355
5922
2782
711
4501
7211
4100
2580
37
9265
2937
4810
9809
5018
87
755
7568
67
