1522663674
1392561520
1594031554
1428038716
1483633069
1538826050
1468257882
1560776661
1556095650
1435152675
1497315855
1502157819
1416150628
1357684815
1424296023
1526170171
1598944373
1390313723
1409664983
1414489174
1384129986
1495269090
1561071752
1419288982
1476076296
1545308027
1475437321
1497902007
1467738004
1486654004
1568177362
1455616391
1408957532
1505071144
1466090276
1512980942
1486036729
1350218032
1388855327
1580577688
1582349501
1484520782
1482567508
1511317252
1570359786
1543380186
1526728626
1561162918
1513060897
1357416043
1432394542
1394056862
1403236331
1388876634
1479857503
1380880994
1491581853
1447266149
1513276721
1592638369
1370055344
1476712634
1519561395
1363287974
1439591744
1437049125
1582068965
1554873687
1361206058
1553769068
1516202433
1551128975
1431458542
1408854395
1596471014
1430088362
1510873839
1482511458
1383579331
1509016289
1591383944
1534283283
1437418398
1585556091
1377646559
1478581371
1562592984
1556858601
1442902028
1589109923
1420443342
1476631064
1554495167
1485250100
1406880625
1526947835
1437531981
1543957145
1374289097
1388311859
1438103339
1441471705
1478673050
1416435126
1573769199
1534716506
1449269510
1448975157
1591509004
1452819219
1489969142
1405950897
1581499150
1482150232
1578859941
1395877533
1469892240
1393880076
1427440495
1523309230
1429824426
1380263267
1559182237
1393489464
1428358592
1409523224
1557859361
1509656084
1421078065
1383065607
1598072059
1537336250
1474020286
1494736928
1357761755
1574543952
1523552784
1411281534
1583602725
1400109710
1470033928
1347759998
1569951971
1415566903
1435726628
1376252163
1522513870
1446857743
1427726679
1380121569
1595063722
1393018794
1460236322
1379378507
1440589470
1591343552
1356334909
1483825253
1514019529
1377002590
1482008489
1451665068
1554990381
1385862844
1480688143
1588621458
1564797325
1570218689
1499881819
1510483381
1538795435
1495931659
1590744787
1458502411
1598730383
1511697306
1588918235
1462156362
1479835447
1455352233
1490522766
1447434870
1496099698
1427822050
1413632205
1363106149
1355886410
1377881272
1497928887
1596736046
1391152510
1512322263
1505316616
1430865274
1527831235
1541162270
1581129423
1523708071
1549845481
1513134391
1415343662
1573003118
1557208092
1571742803
1478453707
1594107001
1389174139
1542943493
1546982230
1590884971
1544543257
1503778632
1472125038
1438394067
1504179400
1547838851
1418978294
1393800122
1448553417
1444626778
1579772062
1350671953
1581109281
1382386515
1488764775
1368416093
1526434049
1452632903
1534966945
1410194937
1577513043
1442217254
1477479455
1528117424
1465601028
1402369110
1493113930
1354541913
1475013493
1417315120
1467630864
1528012355
1591801063
1385441783
1526509762
1351784588
1578052366
1515287827
1405869507
1569857041
1379916380
1350151105
1475531393
1547076408
1577984621
1510476229
1582298151
1541772542
1404260105
1574424427
1524938952
1381990584
1502761453
1515696859
1388034365
1559252973
1523353212
1360338043
1372019435
1583228680
1512169338
1438021924
1393506082
1468187083
1376838514
1493061759
1432172013
1449536289
1589329941
1582831949
1581711940
1523912228
1574538619
1488250030
1416798112
1511017972
1358089660
1371550532
1505817449
1549738231
1582337738
1398219950
1592775246
1398178525
1562518468
1539366275
1420657415
1406488222
1550036343
1562883263
1418760111
1514357429
1515110688
1448445847
1356314125
1489115881
1365958113
1480963344
1451516966
1387122354
1507132763
1482403025
1399303255
1585568394
1416055726
1520233941
1466063767
1453935704
1449348279
1517878753
1349826468
1540412580
1349284420
1445645999
1415667550
1405982846
1458480610
1432128425
1407373830
1518746795
1497778184
1548898353
1396178938
1464441278
1367051667
1349150781
1499820122
1453157288
1382344135
1432626033
1386165395
1534657514
1422507162
1389158486
1456484078
1358157544
1360298998
1579503558
1445739746
1474310116
1553268368
1490558213
1372035815
1351594102
1459757747
1435997513
1563561469
1512067645
1437937362
1521556128
1424675176
1400355894
1375342797
1508044457
1364904804
1518805843
1519824214
1416748978
1399411646
1386228831
1357491728
1516950323
1351384463
1589857927
1365503072
1589779263
1380586761
1375747620
1484916379
1496983086
1589116267
1388020053
1412562017
1527770336
1540849325
1351081634
1549058772
1591711223
1366943799
1445122668
1541825877
1413926214
1591805829
1526346240
1570297127
1526642024
1357585070
1351941171
1464258296
1414418646
1472865163
1552978268
1598355642
1398966656
1451328256
1459643758
1530449451
1486207254
1585656102
1451224145
1534219200
1400041745
1573388271
1553968520
1537384004
1580307247
1353720930
1413793201
1426825262
1431086466
1495431247
1392289357
1489309615
1596739553
1480560238
1448095335
1512722844
1557119263
1371161053
1536647560
1596686201
1459407167
1357915819
1455361154
1490442738
1378845500
1427912879
1399847585
1365710312
1438885767
1375681937
1417296501
1558365851
1402278784
1435766788
1564875254
1391081601
1428935554
1587382275
1430474774
1542044110
1468379154
1479901379
1411986412
1405803383
1365128394
1386989094
1592760654
1393637145
1477672110
1454292248
1400460491
1422756944
1499507802
1432090773
1597808743
1489705343
1533262770
1464809913
1577810591
1436474108
1567650529
1478317623
1549981781
1538520401
1580249588
1423210121
1373727065
1589747473
1558574100
1397011057
1425419420
1436666221
1449153180
1370176143
1538825937
1395174306
1503401954
1539493773
1494772128
1469265191
1378660231
1552883507
1476584001
1365096940
1400957145
1456094119
1497392940
1584364966
1409359865
1589289259
1556665034
1401040942
1539597550
1477977607
1506489107
1480276113
1511523822
1530550842
1414503971
1480637561
1420619411
1430539131
1464276478
1575921352
1429833711
1543540043
1586891341
1500275660
1373745274
1447615235
1357729496
1565313275
1456784947
1491037239
1429083195
1354066515
1498064247
1369589729
1349379954
1403636981
1510976368
1587228074
1587692818
1565626529
1493771307
1569177804
1522263589
1381341372
1556031737
1449755103
1547294784
1469671261
1571585710
1582934803
1447223776
1382366343
1541331620
1389081723
1414435744
1555114051
1519173510
1446279632
1464907319
1593519148
1533496459
1503681199
1575955641
1562788712
1585171286
1384151961
1598471498
1526306971
1485619647
1543465380
1598394177
1359783607
1560582519
1412302690
1349781011
1545138634
1397769112
1372131195
1595904003
1381229096
1505495634
1400542488
1441141610
1387228076
1471501698
1574661362
1456240833
1380836699
1350042475
1428363721
1585881433
1575639250
1569613528
1351451986
1498144836
1390363623
1498388304
1600089878
1470852787
1409922433
1440429188
1509495550
1529772063
1423511000
1592444430
1593807207
1413970746
1394106225
1379474554
1470049910
1464840972
1443109181
1386646909
1506373237
1446213498
1491649672
1577346515
1571424721
1363050554
1497577143
1523390992
1541328864
1375347159
1411196037
1409657982
1489605515
1547281866
1542916600
1535556008
1534938793
1538857750
1502142334
1582715611
1514761748
1383909912
1534154432
1371391576
1559841599
1448901822
1400294785
1377678502
1441775217
1487180460
1552705236
1400540897
1518241958
1437035300
1389754745
1568053186
1495403866
1406794495
1486351402
1389807000
1482105083
1412981754
1544172253
1430733267
1580042527
1524678174
1479501143
1509511155
1587178779
1352076961
1583833720
1405522746
1559646807
1518771654
1350993046
1473906060
1476052730
1565827953
1351201020
1474349897
1416737724
1531669284
1432855926
1353324645
1419808239
1476283649
1393418620
1597013477
1416990228
1406538326
1400500089
1516938281
1391974661
1424517030
1530403373
1467367885
1565973360
1375986333
1376386005
1486867624
1469528855
1526731176
1409586972
1439604842
1399140128
1587313958
1400098122
1408552050
1579280075
1425959247
1357214550
1498719934
1396200362
1437745752
1464291602
1511265806
1441324430
1565846436
1560323782
1518628695
1396875133
1441537370
1451663911
1434612024
1547862623
1565222455
1489157558
1471549437
1591311439
1502310477
1558201020
1517438810
1423408931
1492286722
1384325788
1353989091
1404970668
1447521353
1508461904
1443202297
1398343011
1594237302
1411637356
1467544819
1450289341
1418934838
1495763834
1573748859
1370879945
1349144063
1384483477
1538887841
1490250047
1386735463
1482710813
1538342687
1388996100
1391711756
1445510511
1394585335
1448236724
1554942643
1446663407
1455097367
1578982987
1541891354
1472666883
1436154315
1428169224
1556699169
1418059207
1598395361
1539758976
1477684415
1587547434
1540954452
1585246350
1404064863
1538895199
1595920965
1551186772
1471542597
1430248807
1577844890
1568632599
1508403682
1435496949
1517643625
1368514492
1499571645
1414117484
1426526303
1492511403
1420462319
1591691666
1426142227
1482963707
1591357103
1468989984
1532434193
1439828155
1525988359
1357219351
1482919782
1597552857
1487076451
1529680567
1556496282
1528774616
1391366734
1496795514
1392293981
1429945197
1418835107
1551506287
1544216044
1369099909
1525306285
1453592284
1587826571
1598790015
1516301920
1422806299
1508621792
1547805327
1387284772
1443866308
1409731383
1525474165
1390139966
1473657311
1522804177
1348101682
1594002128
1522546601
1520485798
1577994030
1415688773
1544272634
1366611672
1478090179
1597897238
1526032135
1429830279
1394367429
1360767845
1430523903
1490021377
1365246113
1583015016
1360049626
1452599106
1594298651
1465904324
1547260896
1412021527
1460306139
1567981377
1540012878
1418180046
1387953437
1584851664
1509779054
1574486898
1473837931
1350753046
1521796290
1588251406
1585866462
1448090958
1406853858
1494305914
1362725826
1549431395
1365631707
1567072121
1347924371
1564744364
1578384586
1585111874
1396094065
1551733342
1521907638
1580852515
1505009010
1451693638
1454029214
1449240789
1416895882
1379619970
1546467988
1406310181
1512596995
1460502218
1520058195
1355085953
1357486394
1373526518
1426733312
1459522512
1372997492
1588155174
1560048443
1587425718
1453507399
1488392071
1474079303
1424833145
1417708976
1528188850
1492597611
1461830681
1586227402
1558627886
1599190170
1488892417
1352389550
1495011076
1437435735
1571423299
1397900291
1596096291
1507954440
1544582699
1547376810
1378938614
1374232948
1577076167
1566420614
1556571985
1517555024
1447904405
1490445492
1492172153
1576951801
1462359486
1568043906
1397646479
1524106707
1577775835
1467372416
1511956298
1458041735
1489285239
1412285722
1490337188
1395733598
1537635685
1348317856
1547115839
1351551160
1565127883
1528676993
1543492180
1529561991
1444488058
1589508071
1415676853
1469835508
1447137416
1576797102
1365513832
1577000323
1401920130
1412051590
1353793616
1549511018
1450000435
1439840105
1559824029
1483926544
1545394808
1437400920
1488477315
1386667196
1383110691
1458295653
1583044160
1515493675
1358209990
1394187405
1542878192
1451119185
1566524127
1448985143
1449967854
1529096461
1504719263
1571994670
1366957582
1424663920
1547555015
1469829471
1592808503
1357930002
1473509758
1424098861
1483019586
1438200713
1597486599
1348667559
1526328799
1535852434
1565109529
1509443459
1511079024
1536799506
1406444894
1363681038
1540310461
1592224814
1382285674
